1.669607e+00
1.665880e+00
1.671167e+00
1.649973e+00
1.650479e+00
1.649891e+00
1.675070e+00
1.668973e+00
1.676620e+00
1.648938e+00
1.649034e+00
1.649809e+00
1.650093e+00
1.649822e+00
1.653383e+00
1.651048e+00
1.664356e+00
1.661292e+00
1.667765e+00
1.674003e+00
1.671899e+00
1.668666e+00
1.668239e+00
1.704756e+00
1.652751e+00
1.649525e+00
1.650033e+00
1.661577e+00
1.650098e+00
1.650231e+00
1.649623e+00
1.649991e+00
1.652057e+00
1.650825e+00
1.668021e+00
1.679511e+00
1.667037e+00
1.649554e+00
1.649359e+00
1.649075e+00
1.662008e+00
1.652663e+00
1.658092e+00
1.650420e+00
1.649906e+00
1.648843e+00
1.648893e+00
1.648855e+00
1.650719e+00
1.649654e+00
1.655779e+00
1.648977e+00
1.649703e+00
1.648981e+00
1.652869e+00
1.651518e+00
1.648799e+00
1.667919e+00
1.650567e+00
1.674089e+00
1.661702e+00
1.667145e+00
1.665239e+00
1.701768e+00
1.665311e+00
1.660586e+00
1.652576e+00
1.649712e+00
1.652135e+00
1.653460e+00
1.650464e+00
1.655307e+00
1.649806e+00
1.649885e+00
1.649152e+00
1.649684e+00
1.651976e+00
1.652756e+00
1.654293e+00
1.656314e+00
1.652784e+00
1.656346e+00
1.650212e+00
1.651754e+00
1.677543e+00
1.673873e+00
1.652789e+00
1.650045e+00
1.655991e+00
1.655532e+00
1.652358e+00
1.649215e+00
1.648959e+00
1.648799e+00
1.649065e+00
1.648970e+00
1.649017e+00
1.648746e+00
1.648802e+00
1.648964e+00
1.674653e+00
1.694778e+00
1.654497e+00
1.691742e+00
1.683284e+00
1.659146e+00
1.661994e+00
1.675454e+00
1.673633e+00
1.649102e+00
1.649075e+00
1.649192e+00
1.660406e+00
1.663041e+00
1.657389e+00
1.677866e+00
1.650888e+00
1.680282e+00
1.648908e+00
1.648904e+00
1.648846e+00
1.663604e+00
1.663325e+00
1.664862e+00
1.650061e+00
1.649152e+00
1.649825e+00
1.651152e+00
1.648889e+00
1.648905e+00
1.659364e+00
1.649540e+00
1.649613e+00
1.650809e+00
1.649450e+00
1.651780e+00
1.655584e+00
1.658463e+00
1.652349e+00
1.650284e+00
1.652734e+00
1.664562e+00
1.661110e+00
1.661145e+00
1.649135e+00
1.649081e+00
1.650529e+00
1.652368e+00
1.656432e+00
1.660192e+00
1.648884e+00
1.648804e+00
1.649392e+00
1.648820e+00
1.649267e+00
1.653210e+00
1.651139e+00
1.659502e+00
1.650268e+00
1.666215e+00
1.649414e+00
1.649128e+00
1.649212e+00
1.648809e+00
1.648969e+00
1.649067e+00
1.662825e+00
1.652718e+00
1.689411e+00
1.648898e+00
1.652767e+00
1.656975e+00
1.654831e+00
1.663085e+00
1.680067e+00
1.655032e+00
1.651569e+00
1.661600e+00
1.658345e+00
1.669070e+00
1.653201e+00
1.701549e+00
1.650052e+00
1.648817e+00
1.649494e+00
1.651384e+00
1.650982e+00
1.664548e+00
1.656756e+00
1.669056e+00
1.668838e+00
1.668188e+00
1.678415e+00
1.679050e+00
1.673063e+00
1.667418e+00
1.663355e+00
1.663800e+00
1.668018e+00
1.664223e+00
1.665156e+00
1.649595e+00
1.649457e+00
1.652262e+00
1.660797e+00
1.664452e+00
1.661800e+00
1.650132e+00
1.649987e+00
1.651130e+00
1.705575e+00
1.670199e+00
1.649475e+00
1.649252e+00
1.667573e+00
1.650373e+00
1.651800e+00
1.649544e+00
1.665152e+00
1.668312e+00
1.669131e+00
1.651263e+00
1.650325e+00
1.651177e+00
1.680223e+00
1.686802e+00
1.694657e+00
1.649058e+00
1.649124e+00
1.648967e+00
1.652928e+00
1.651040e+00
1.649134e+00
1.651573e+00
1.651771e+00
1.651374e+00
1.649580e+00
1.648939e+00
1.649430e+00
1.648976e+00
1.648952e+00
1.649049e+00
1.648853e+00
1.648974e+00
1.648756e+00
1.648840e+00
1.649701e+00
1.650098e+00
1.653162e+00
1.653014e+00
1.650509e+00
1.663328e+00
1.664841e+00
1.665674e+00
1.649311e+00
1.649463e+00
1.649251e+00
1.649045e+00
1.649168e+00
1.648796e+00
1.650486e+00
1.649758e+00
1.649891e+00
1.648778e+00
1.648902e+00
1.648810e+00
1.649679e+00
1.648848e+00
1.648989e+00
1.664255e+00
1.663083e+00
1.663927e+00
1.650444e+00
1.650987e+00
1.655505e+00
1.650706e+00
1.650749e+00
1.649338e+00
1.649334e+00
1.649868e+00
1.649967e+00
1.682652e+00
1.689982e+00
1.650312e+00
1.651338e+00
1.649185e+00
1.652743e+00
1.655083e+00
1.660538e+00
1.649773e+00
1.649269e+00
1.649376e+00
1.669668e+00
1.666528e+00
1.662790e+00
1.650615e+00
1.653660e+00
1.663457e+00
1.687196e+00
1.677940e+00
1.670161e+00
1.668102e+00
1.672987e+00
1.649875e+00
1.649581e+00
1.652975e+00
1.649532e+00
1.652502e+00
1.648933e+00
1.649078e+00
1.648865e+00
1.681876e+00
1.679582e+00
1.677277e+00
1.648870e+00
1.648958e+00
1.648894e+00
1.659798e+00
1.675516e+00
1.675445e+00
1.671046e+00
1.667603e+00
1.654663e+00
1.668943e+00
1.653198e+00
1.649895e+00
1.659722e+00
1.650548e+00
1.650584e+00
1.652987e+00
1.649964e+00
1.649487e+00
1.650237e+00
1.650205e+00
1.656453e+00
1.660477e+00
1.668559e+00
1.648923e+00
1.648953e+00
1.649059e+00
1.649248e+00
1.650323e+00
1.650138e+00
1.651459e+00
1.660081e+00
1.652574e+00
1.674678e+00
1.676450e+00
1.675315e+00
1.685027e+00
1.694363e+00
1.684564e+00
1.650216e+00
1.651075e+00
1.650462e+00
1.652203e+00
1.657888e+00
1.677178e+00
1.655304e+00
1.655083e+00
1.661172e+00
1.650265e+00
1.649365e+00
1.649064e+00
1.663699e+00
1.664826e+00
1.661299e+00
1.649028e+00
1.648933e+00
1.649136e+00
1.649114e+00
1.652952e+00
1.649551e+00
1.649213e+00
1.649062e+00
1.649124e+00
1.649197e+00
1.649403e+00
1.649064e+00
1.649510e+00
1.649862e+00
1.650673e+00
1.656039e+00
1.677556e+00
1.677220e+00
1.677703e+00
1.649772e+00
1.652963e+00
1.649173e+00
1.652392e+00
1.650244e+00
1.649762e+00
1.688876e+00
1.649598e+00
1.699107e+00
1.675385e+00
1.656059e+00
1.653362e+00
1.652068e+00
1.648725e+00
1.648988e+00
1.648940e+00
1.653132e+00
1.649574e+00
1.650604e+00
1.654620e+00
1.652068e+00
1.650380e+00
1.684430e+00
1.682385e+00
1.675825e+00
