1533.67
1534.71
1533.87
1363.15
1363.42
1362.41
1552.56
1553.69
1554.58
1564.56
1562.98
1563.80
1446.40
1445.26
1446.81
1620.48
1620.69
1622.13
1216.56
1638.28
1638.09
1639.61
1698.17
1698.51
1391.08
1392.20
1392.91
1733.82
1761.13
1761.20
1763.97
1291.36
1291.66
1291.93
1535.28
1533.06
1534.90
1519.53
1519.78
1519.26
1610.65
1613.67
1614.52
1548.71
1547.73
1457.28
1457.60
1457.31
1661.58
1663.30
1662.51
1445.27
1444.79
1444.63
1363.41
1362.92
1361.99
1329.25
1328.45
1328.79
1473.27
1473.17
1473.57
1519.72
1519.87
1521.73
1655.97
1655.10
1657.59
1556.17
1559.22
1556.46
1257.43
1257.24
1256.34
1676.87
1677.84
1676.84
1492.56
1492.84
1493.28
1608.10
1608.57
1607.82
1231.30
1232.47
1232.70
1417.73
1264.06
1263.53
1264.20
1187.57
1187.02
1186.54
1794.19
1794.69
1793.14
1638.50
1639.48
1639.62
1730.39
1730.72
1727.90
1582.22
1581.79
1580.41
1551.18
1552.56
1552.17
1647.49
1648.01
1646.40
1575.27
1574.73
1574.30
1693.40
1693.02
1693.67
1538.40
1538.84
1538.54
1374.88
1374.69
1373.80
1708.07
1708.56
1707.57
1207.48
1387.40
1388.27
1387.89
1681.54
1681.38
1673.21
1839.51
1389.63
1390.88
1383.04
1652.79
1653.57
1652.68
1472.84
1475.09
1475.73
1551.73
1552.15
1551.05
1455.10
1453.33
1455.68
1380.99
1382.35
1381.39
1414.40
1543.70
1310.34
1310.89
1310.53
1432.54
1432.76
1706.80
1706.49
1706.80
1525.62
1524.01
1524.99
1750.20
1750.66
1748.54
1605.27
1385.82
1386.46
1385.60
1560.97
1560.35
1560.95
1419.47
1420.06
1420.17
1468.09
1467.76
1466.27
1514.39
1513.83
1515.56
1207.74
1207.68
1208.52
1405.65
1389.86
1389.94
1389.71
1410.68
1410.04
1410.96
1359.88
1359.11
1359.83
1496.41
1496.75
1497.33
1392.12
1392.55
1393.27
1534.61
1531.74
1533.90
1476.21
1476.10
1476.17
1469.84
1295.71
1525.16
1525.20
1524.14
1440.43
1441.51
1441.86
1422.36
1424.28
1423.29
1327.54
1328.22
1329.01
1273.74
1274.94
1274.39
1626.31
1627.87
1626.82
1524.05
1524.23
1523.63
1548.54
1548.36
1547.98
1351.91
1425.43
1426.95
1427.15
1458.15
1458.13
1457.35
1505.82
1505.70
1505.09
1322.75
1322.46
1500.03
1500.43
1500.09
1402.11
1401.68
1398.98
1723.95
1724.64
1724.14
1286.24
1284.16
1284.35
1314.81
1314.72
1314.74
1412.03
1411.68
1404.39
1381.87
1380.96
1382.28
1403.40
1403.33
1403.41
1399.85
1400.72
1399.88
1409.76
1409.79
1409.23
1360.70
1361.70
1360.16
1335.31
1335.23
1631.46
1630.81
1629.60
1411.65
1410.88
1411.09
1448.39
1446.99
1447.32
1347.80
1347.19
1347.83
1332.08
1645.53
1645.71
1645.44
1446.58
1465.16
1464.57
1464.28
1657.71
1656.59
1445.31
1445.22
1444.96
1509.63
1510.37
1510.55
1390.46
1391.34
1391.53
1671.17
1670.21
1671.99
1548.79
1495.51
1495.42
1496.28
1615.27
1615.30
1615.22
1463.59
1644.30
1645.07
1644.51
1428.39
1426.45
1426.19
1607.55
1607.60
1607.50
1616.00
1615.64
1615.43
1499.18
1498.33
1498.16
1541.33
1542.40
1541.21
1484.51
1483.80
1483.56
1759.33
1759.96
1759.95
1427.22
1427.21
1428.15
1462.10
1463.16
1463.07
1370.72
1370.66
1370.47
1574.06
1569.95
1572.83
1350.92
1352.00
1351.18
1422.32
1421.05
1422.42
1565.55
1566.11
1565.02
1603.22
1604.37
1603.34
1365.43
1365.85
1365.55
1478.84
1529.76
1529.25
1722.47
1539.56
1539.19
1539.36
1686.14
1685.73
1686.73
1462.24
1461.04
1461.16
1695.63
1694.94
1695.01
1329.86
1331.20
1331.42
1322.17
1510.32
1509.75
1510.74
1347.03
1347.04
1347.33
1342.27
1341.96
1334.31
1861.73
1861.37
1852.77
1415.96
1415.56
1407.95
